201143
240753
252383
204485
234906
270670
70726
258230
253157
242641
276314
264697
213296
224196
275029
240311
206436
226356
248477
214979
242835
211256
231340
207439
239301
212616
263370
246191
158023
226226
215316
232488
231521
240690
245371
253396
277846
192366
239837
188988
231478
202811
247090
236804
199005
268913
260521
195033
240648
255767
237647
212830
204424
230888
246006
252700
266245
229901
216744
211378
192119
254262
257278
212204
251479
177413
192985
216393
192505
207421
246420
254803
270821
231416
202371
265774
251470
71305
270039
200155
222501
242664
239810
257057
262071
212831
80170
232580
207865
200145
269493
238794
247851
240243
190871
233419
236108
239580
230475
266866
209499
272505
233927
256632
251566
210257
247257
275771
83494
247228
256107
236315
255956
242380
264207
226777
243630
240925
271108
243009
274536
213536
246800
234396
272604
213439
232081
275238
73070
260398
176550
237646
231207
272951
262881
241084
227560
247172
198710
241602
248191
220523
273827
213991
214026
237034
210513
238230
220837
220793
229541
245158
226677
204366
254752
241171
233510
212269
223150
229880
269507
231485
239814
274447
253036
245716
73317
210897
251532
269230
198951
233884
234824
262265
231652
242217
212491
167495
205452
229476
213331
275298
212622
235790
209658
252448
256790
254022
193698
190765
254117
247819
250959
256630
269701
222492
225309
223885
236703
246863
256261
78063
244176
253354
256197
268611
254039
256196
237942
242755
274559
272569
220295
263397
246055
277197
259904
264205
256079
263522
271417
220380
269164
209331
210259
256675
204935
227678
277427
234378
203574
241159
246669
254243
202126
252371
231677
262118
233306
183711
198032
269136
260247
242964
221697
254796
235794
212228
263063
238074
243702
273651
204883
259307
200458
229558
241486
250723
231443
241637
228093
231747
247827
264652
215914
210008
237678
215698
243715
270673
232656
271421
220814
236461
271918
251570
264862
244067
229956
257946
73638
276634
209989
235662
267680
253114
197756
235744
241236
244191
274913
247124
238392
209620
241710
216201
264441
273948
256035
250941
268763
74753
263112
178363
228591
265610
237440
235456
268805
244949
260943
229705
243539
76603
215871
241788
243551
243549
239323
242179
270531
235634
252802
216320
246875
230938
260779
78012
236629
277178
254088
263922
275208
235173
226110
258575
236403
258444
231691
71418
277975
74735
255981
242916
233225
233152
232487
236764
237681
232639
246321
242914
232905
232730
246826
255185
252162
232829
247264
234205
246444
73078
266260
74879
73466
259191
244193
202014
243923
276909
231150
219754
257194
73853
230857
212401
241671
250955
238370
251517
225263
256325
244270
207410
216354
177003
188335
258585
241095
181458
223273
262842
276278
257889
77673
259750
258775
275192
246267
262740
244456
244797
209981
235212
236401
224158
244749
275048
255125
264348
231410
259480
223573
275353
231633
279702
70017
264432
258490
235410
243586
78474
241777
257504
262745
268728
73325
233493
229980
235844
244349
257784
232654
204838
233260
245152
235389
84061
234579
224574
263701
79399
78784
246289
226045
237043
260984
258498
241187
208461
203376
208920
258908
236920
246104
223689
202556
242516
248793
263798
240638
264453
235663
239380
231447
251810
240679
228702
233096
211738
251954
272978
206566
237268
277552
202170
254142
259680
192123
254136
263851
242429
266150
262289
243666
185427
222475
224258
238516
262135
222227
216549
228092
239085
222665
238756
257568
247611
231913
233800
243481
248342
242725
259185
262863
260952
277295
233848
277305
256435
229891
277031
239964
80304
215522
261264
237985
233195
223671
257876
184200
197445
204923
228336
199439
72937
228505
239901
231366
216275
259356
239701
242187
225375
254566
263041
237595
252252
250779
220925
202089
72708
252873
243545
217047
263976
237841
77423
193241
246696
240359
260030
269278
219932
230977
265556
253238
226376
273843
255434
248870
226286
254601
278020
234577
227928
239818
266096
234574
253124
20801
212198
256903
218667
242444
212442
273906
257179
272834
244778
241721
238616
224411
210514
224293
210385
255253
255566
252145
261050
268781
203244
228352
180561
234051
268778
268771
268772
268783
216325
248808
216267
237238
198904
226491
210881
247279
226093
213884
215638
225316
244319
212516
221281
266815
233602
242280
216218
222045
257896
201368
234072
227945
225974
235633
275507
201024
259150
193474
250858
275324
275138
261084
208722
259197
237179
261188
252293
238227
234642
259868
235353
225859
74449
264293
220820
272515
274915
241707
220901
266039
210035
245037
226161
231866
241461
226271
264240
244260
259377
243576
259532
212218
257279
256516
248148
277643
251854
230142
278046
230869
239231
76042
224179
242948
255687
251116
276646
244470
252064
246618
234236
257536
71259
274906
267594
247050
221909
253727
245209
244793
199323
269509
236792
258936
80073
252711
245410
235565
263672
274000
258171
263194
263432
225126
236316
255210
256383
190113
224490
238160
232119
235407
243245
258580
264309
278587
208128
277954
243647
239892
229905
239890
260466
225403
243526
235152
263205
207790
226300
264001
263021
275328
216460
253163
253306
227535
207715
239053
253072
253283
276493
228101
261989
240716
253293
254817
253385
182494
237658
251377
233267
251804
250954
232999
229348
235755
245541
238744
251223
227796
247361
237255
198261
255205
226807
267920
256853
274535
238743
247463
241496
242195
243133
247506
260982
226579
241173
79280
261062
261128
237086
228010
200104
237424
247686
221671
226380
238570
261063
244800
243673
266774
248712
243780
260397
212432
264194
227659
260492
245054
247022
264191
221660
260697
236822
261028
272926
259716
233731
243646
257470
241643
213750
252316
220821
214658
241651
257400
228946
222369
255459
270919
192129
272712
223933
260972
235073
232839
216158
221491
229237
229261
222357
202024
276694
199503
257980
206003
193352
257186
229752
234913
238581
233885
242530
236898
256726
259306
262642
270846
266685
233139
